frame 20 30

# голова
color 19 136 8
thickness 2
path 10
5 5 
8 4
12 4
15 5
15 6
12 8
10 9
8 8
5 6
5 5

# улыбка
color 139 0 0
thickness 2
path 6
6 6
7 5
9 7
11 7
13 5
14 6

# верхние глаза
color 19 136 8
thickness 2
path 9
8 4
8 2
9 1
10 2
10 4
10 2
11 1
12 2
12 4

# левый средний глаз
color 255 255 255
thickness 1
path 5
8.5 4
8.5 2.5
9 2
9.5 2.5
9.5 4

# правый средний глаз
color 255 255 255
thickness 1
path 5
10.5 4
10.5 2.5
11 2
11.5 2.5
11.5 4

# левый нижний глаз
color 255 50 0
thickness 1
path 5
8.75 4
8.75 3.5
9 3
9.25 3.5
9.25 4

# правый нижний глаз
color 255 50 0
thickness 1
path 5
10.75 4
10.75 3.5
11 3
11.25 3.5
11.25 4

# бантик
color 255 179 71
thickness 2
path 7
7 8
7 12
10 9
13 12
13 8
10 11
7 8

# шея слева
color 19 136 8
thickness 2
path 2
8 8
8 9

# шея справа
color 19 136 8
thickness 2
path 2
12 8
12 9

# левая передняя нога
color 19 136 8
thickness 2
path 9
7.5 11.5
7 14
4 14
6 15
5 17
7 16
7 18
9 15
9.75 10.75
	
# правая передняя нога
color 19 136 8
thickness 2
path 9
10.25 10.75
11 14
13 18
13 16
15 17
14 15
16 14
13 14
12.5 11.5
	
# левое бедро
color 19 136 8
thickness 2
path 7
7 9
4 7
2 8
3 10
6 14
7 14
4 9

# левая задняя нога
color 19 136 8
thickness 2
path 10
5.2 12.8
5 13
3 13
2 14
2 15
3 14
2 15
3 16
4 15
6 15

# правое бедро
color 19 136 8
thickness 2
path 7
13 9
16 7
18 8
17 10
14 14
13 14
16 9

# правая задняя нога
color 19 136 8
thickness 2
path 10
14 14
16 13
17 13
18 14
18 15
17 14
18 15
17 16
16 15
14 15

# шляпка гриба
color 255 0 0 
thickness 2
path 6
3 10
2 13
1 19
19 19
18 13
17 10

# пятно на шляпке раз
color 255 255 255
thickness 2
path 7
3 19
4 19
5 18
4 17
3 17
2 18
3 19

# пятно на шляпке два
color 255 255 255
thickness 2
path 3
4 13
3 12
3.8 11.2

# пятно на шляпке три
color 255 255 255
thickness 2
path 4
16.5 10.5
17 11
16 12
15.5 12

# пятно на шляпке четыре
color 255 255 255
thickness 2
path 4
11 14
10 15
11 16
12 16

# пятно на шляпке пять
color 255 255 255
thickness 2
path 7
17 18
18 17
17 16
16 16
15 17
16 18
17 18

# левая часть ножки гриба
color 255 255 255
thickness 2
path 2
8 19
7 26

# правая часть ножки гриба
color 255 255 255
thickness 2
path 2
12 19
13 26

# трава
color 80 125 42
thickness 2
path 26
7 26
6 23
6 26
5 21
5 25
3 22
3 25
1 24
3 28
17 28
19 24
17 25
17 22
15 25
15 21
14 26
14 23
13 26
12 24
12 27
11 25
10 28
9 25
8 27
8 24
7 26

mirrorX
